265.00299738025006,4.498583972187387,52.47233214652266,42.543295813855956,4.491119502766669,3
230.30341912517846,3.9059582334368774,6.274198426065799,1.4397192301216102,3.9029185724847215,3
224.13677832860324,3.7381610326770676,6.274198426065799,1.8818335559978552,3.7360488445085798,3
214.36563117057156,3.635881737029338,6.274198426065799,1.9919040826425392,3.632823196355944,3
169.2728601734509,2.849900858289536,5.895055362977481,1.3057659229258598,2.8512474763079587,3
164.21625986518868,2.764881856467094,5.895055362977481,1.3074417234530311,2.7652352383590184,3
89.51899343533888,1.4965944433165732,3.426319208753628,0.6235996662262914,1.5080438913653558,3
173.83959728290628,2.954144038416317,6.963795044128016,4.724672356393013,2.9467834706305203,3
200.5276389959497,3.4039748847169267,6.963795044128016,3.251580435316124,3.397161330147552,3
225.19277697857427,3.826531315887907,9.255088483661256,2.2166023793035805,3.808306449613987,3
237.23990189495512,4.024032816878748,9.255088483661256,2.8377677399071586,4.005265766730064,3
246.651603269327,4.189743425202684,9.255088483661256,2.875742351808481,4.169440696271397,3
278.3170140398199,4.724576645094023,9.255088483661256,1.55628621218702,4.70798115636748,3
251.42543885001103,4.200606635334041,6.563156290230112,1.3273735252396315,4.191262233280173,3
240.41204330589275,4.016827212477933,6.113989583641474,0.9200337169155899,4.008804977504006,3
223.9674557664177,3.8051717103621874,6.113989583641474,0.6893671837716239,3.79657336192056,3
224.3405089041338,3.7484534014533555,6.113989583641474,0.641786414463012,3.7392577655866024,3
224.5733547588619,3.752426224638089,6.113989583641474,0.6243988844778231,3.7431387885669363,3
234.60187608105036,3.9151890473884796,6.113989583641474,0.39212438435948727,3.9101616067377307,3
217.32381554535908,3.6898983901854114,4.4946332344014,0.3073164554866084,3.683516933259192,3
207.69568136084197,3.5253032242203552,6.105327876757007,0.9150033032122713,3.5186555535744994,3
127.2972134659926,2.1256479065245886,4.4349303846901105,2.64625783704201,2.127897522123474,3
203.84110112881334,3.40174946154539,5.348068205227362,1.0033390766139283,3.3997314975284922,3
234.21959069598122,3.976187176342211,6.462627012119243,0.7117611699259574,3.9699581459707316,3
262.5919966096628,4.413803892653484,8.512341333528402,1.1498722013618714,4.4281955583417,3
267.09154794307165,4.534521909397277,5.765592757206881,0.21403606847812584,4.522070092494102,3
277.57704832150523,4.736610948062578,28.221327760367586,9.909242391093914,4.705014718311499,3
289.4594124728724,4.8567797059681475,28.221327760367586,9.781109736739594,4.827461391118767,3
296.63339075431685,5.011597990277461,28.221327760367586,17.402110852610665,4.948013190230473,3
236.74586754814123,3.986560388701512,24.90439956601654,9.98643920790834,3.9464221961683816,3
155.80821549807928,2.6370873205113083,24.90439956601654,13.299642472875195,2.5974096538872287,3
44.98520523151661,0.7522803490955293,3.566943673653605,0.9443460970074464,0.7498284033656134,3
33.55421443560917,0.5715604132387938,2.7022052878997047,0.4464797909863361,0.5685324121996166,3
110.9368630984105,1.8567553443395326,5.423036371354933,3.6739274034749463,1.8494717352985097,3
282.43642346637495,4.7830956308685675,18.43526177588706,5.732767881171685,4.757064331105149,3
278.28464747768896,4.713292790419883,18.43526177588706,6.236353041348308,4.690533254861686,3
262.5633057110077,4.440372558684033,18.43526177588706,7.093348484088093,4.4152774767687575,3
268.8650976956828,4.551302614792898,18.43526177588706,6.872084580493882,4.527796731204978,3
205.9920948933202,3.489770993867751,22.757548716617617,14.970131642821684,3.492220101266745,3
251.70258170509513,4.262467410886943,22.757548716617617,12.779295538261321,4.265494783932877,3
281.1247621118333,4.689764044467241,22.757548716617617,8.317771813657233,4.686740611703872,3
146.80289958751547,2.4908976781862227,5.110051266082038,2.1648756538745926,2.487763084011447,3
110.2994062642617,1.8721444068537738,5.110051266082038,1.7943387953362677,1.8694814621061306,3
108.42316208780302,1.8393796599973173,5.110051266082038,1.8161121782248433,1.8377118610112546,3
132.3027204724431,2.2132169027999002,23.802209568383663,9.944250871539007,2.205449673647554,3
110.45813818857731,1.8630427355819477,23.802209568383663,9.457005864854342,1.8549740236884698,3
200.6582482826111,3.36972810162574,29.100313872299612,22.137602703065674,3.3722941797353214,3
310.89908778677125,5.19669708445295,29.100313872299612,17.374627450323437,5.181996929574826,3
348.1834374084061,5.819554919710524,29.100313872299612,14.04202519869493,5.8045084172444135,3
318.4595384355623,5.321331501636966,12.381128790560144,4.0911502411824,5.308012841448802,3
286.199237177006,4.863102134467677,11.854980600171274,1.4942533909425624,4.8509989690668505,3
265.9511907197232,4.507317675073654,5.504142973977677,0.10712325469850545,4.5052801192546825,3
277.5049126779357,4.632989560286684,6.203598671226063,0.19601708784700958,4.626161315605903,3
280.0435555257212,4.674600830061449,6.203598671226063,0.17487618710384767,4.667781573893178,3
277.7018619629972,4.637655320257202,6.203598671226063,0.18546753112440603,4.628904404897192,3
280.34201116696585,4.680986979175234,6.203598671226063,0.17605880741678812,4.672912025852447,3
292.93187607353417,4.904808700211106,6.219364557345202,0.2266892204551814,4.897134193850146,3
289.2961290594264,4.909696596482508,6.366604792368726,0.38591241566995793,4.9030749124523565,3
255.98793348803687,4.346396043360449,6.366604792368726,2.0586574642126383,4.338484399160004,3
282.58894026707156,4.72157813836298,37.26497283010062,20.752347825569124,4.7098941693540155,3
185.45028488147298,3.1031563628900387,37.26497283010062,24.431305552484925,3.0909411127283075,3
149.20118284907397,2.5004845360625327,37.26497283010062,23.908684928550354,2.4888018624009405,3
113.51094686917924,1.938904497126163,23.195673680024846,9.534163078488097,1.920594004757525,3
133.859392166894,2.2488981823633,23.195673680024846,9.003550239092855,2.2335584616791646,3
161.67233189544248,2.7580795543148224,23.195673680024846,8.409189751510807,2.740069689599554,3
208.6072298059092,3.551267338214217,23.195673680024846,8.885692474972473,3.535296317486217,3
171.5501515645677,2.9106760678561647,7.554481677908168,2.7081908774144137,2.902857193505046,3
150.37875110893228,2.5515785686922428,7.554481677908168,3.7763309535324687,2.549829610501429,3
94.69461971625526,1.6081862264360505,7.554481677908168,4.858684648638333,1.6056466989327058,3
73.40551475226148,1.2413018734932078,7.554481677908168,3.6378362329293643,1.243107785813065,3
60.409889260405976,1.0299922010230833,5.403670016761491,2.2200156871526797,1.023913782613366,3
106.14440740581288,1.8032661156125809,7.802265511973535,5.264181927397498,1.7971996309885183,3
158.4621043907702,2.6556112493924493,7.802265511973535,6.16730070294382,2.643281862762852,3
174.3148620860156,2.9181122464710874,7.802265511973535,5.067544804586703,2.907040376332332,3
66.65174573370183,1.1179275485843698,6.686408437263779,3.502699191320053,1.112030060458512,3
25.363907208935593,0.4278455342134146,4.0939202085193,0.5886818740400258,0.42275292446181634,3
53.40785034127829,0.9133755914301811,6.516455789323116,3.0887842593504446,0.9052638327589249,3
176.84408160378104,3.0089620257664866,6.719051701901194,5.331746918649208,2.9980178955325925,3
179.80639082354395,3.0504930542171973,6.719051701901194,4.91142905706808,3.044057540860431,3
81.27779614358003,1.376438960645525,5.371105642203035,2.312772362751684,1.3762135515938305,3
289.5253971531567,5.516304214724935,43.23375045215033,83.77263360778635,4.903636284625725,3
290.30127172719483,5.530987940883427,43.23375045215033,83.6138446182652,4.920443935103897,3
307.47704758007154,5.860853208386815,43.23375045215033,81.15472273183494,5.204859036480263,3
258.09454271729953,4.372564110813582,29.107032688450325,28.067379327028803,4.37285321943173,3
205.82341835981262,3.441786485949233,5.8005937092295525,2.225724675645785,3.430619013931139,3
249.49481577020282,4.175178496431439,5.8005937092295525,0.5676840041650913,4.165953944300336,3
262.85606751345,4.394550685870244,9.339057506490576,1.1148663639242335,4.383126021568284,3
201.59288522048928,3.3660552042089638,9.339057506490576,4.231241501864285,3.36027345224425,3
205.99777779225445,3.438744089875672,9.339057506490576,4.484812976625509,3.4343838514238585,3
162.35034365458347,2.75590524207472,5.9278211004806245,3.619582176784115,2.7524471662583663,3
234.23916042269494,3.9146647713256386,5.9278211004806245,1.775909615513437,3.9045066079259727,3
217.71457117846973,3.6956987787093496,5.783202638146749,1.419406884341543,3.6857046077276068,3
261.582364948032,4.43687142466187,5.741494629375639,0.18215403024039342,4.432322296084721,3
254.68854595525602,4.320401333556866,5.741494629375639,0.24104882672877095,4.315950347481928,3
161.75564961443774,2.6993584477485424,6.763323027711742,3.210921987530668,2.6970962352759154,3
158.22234492022244,2.651518943825383,7.114518295447624,4.012857432329158,2.63981088343131,3
148.90163691933813,2.494122947194618,7.114518295447624,3.9621989524688725,2.482604236875823,3
144.60814477920272,2.420153828348058,7.114518295447624,5.298386372197877,2.4108590040212516,3
213.38555075406143,3.62214696901078,5.964231912489686,2.8515205025209376,3.6167042500688376,3
210.02879062961784,3.5672862418002,5.964231912489686,2.2483310087631496,3.5598100106714887,3
163.66379798086356,2.7795888984869372,5.34446938910116,2.8622121192396355,2.7727877675707506,3
115.02005181936853,1.9207028151996588,4.586583588398752,2.682040337551006,1.9170647658150028,3
39.72148928988755,0.6650124928791465,3.667520443559104,1.0559747681496348,0.6621131032452252,3
15.044532285093824,0.25260762412837495,2.5058919730434837,0.274683424217441,0.2508550895418576,3
64.21221291934164,1.0726983883648538,5.554818346311019,3.7290981340627742,1.0702570615087694,3
99.7055019512773,1.6639195563177693,5.554818346311019,4.279668676537507,1.662367900751564,3
139.38505218151403,2.365756765376745,5.554818346311019,4.589912026649388,2.361617935675675,3
182.58988464932787,3.0972974229848362,5.554818346311019,3.834718855351227,3.0942718000530065,3
251.44600141985197,4.269548390517762,5.554818346311019,0.537137216321122,4.262157834051225,3
243.7242444942157,4.136529172238933,5.496742528388776,0.39269267830753474,4.128540239425004,3
264.5019587836085,4.401193690800151,15.515638617062152,3.4948925792691443,4.414177980734776,3
211.67854494631013,3.529057221037432,9.583654009143448,3.4449378673922926,3.530682605769592,3
40.52641665843821,0.677300099519597,4.798714495333406,1.7863082206237197,0.6760712774996365,3
86.82761211999733,1.4824871730073181,5.963421919100219,4.509514462448169,1.4712305288306304,3
131.70439721074422,2.2082995191004517,7.892784259548656,5.125219036467495,2.1968307514468948,3
175.49617172263837,2.936808102302549,7.892784259548656,4.65006109533988,2.92527747774971,3
214.16177865020757,3.584372387899296,7.892784259548656,2.0454911003402976,3.572876305870899,3
206.35274157489573,3.499946841341882,7.892784259548656,1.8532790805298833,3.4969113976427,3
213.4388068488821,3.56126477436351,7.892784259548656,1.864644024465822,3.5587962792643952,3
206.52560444438765,3.5019279129192125,5.558487764562696,1.5400607798722306,3.500611970852546,3
204.91231050287905,3.4177452842398015,4.994723634982453,1.223909833559335,3.4175404943858143,3
213.34353615721275,3.5566326157541104,5.4151606629345945,1.1241621325914233,3.556081210741287,3
236.07538561287788,4.001839794248659,5.4151606629345945,1.1125262026707239,3.9999218165516415,3
248.04221993829566,4.204332005697035,6.029137278938975,1.2166111425213955,4.201684113194018,3
239.442241908266,3.9964344792620987,6.029137278938975,1.3543511953261704,3.993899151125334,3
207.63443804925524,3.5221276971822673,6.029137278938975,2.432374962525782,3.51886991236917,3
142.41702594229648,2.414143796661999,5.797621363592312,2.8610419265764713,2.412866392353898,3
135.51456047289844,2.3033710584555385,42.569487631444446,31.4139676892159,2.296662324767366,3
225.15254991749487,3.769783875800505,42.569487631444446,48.18070858175167,3.7556722254794805,3
260.6272984522993,4.4332868844105855,42.569487631444446,48.23669806308026,4.415765281628873,3
268.53544502381345,4.492278023738976,42.569487631444446,46.859858825821895,4.475889143006424,3
108.52092225518248,1.8386954472405987,7.695838460701148,4.016334025953732,1.8391506330743057,3
64.21801375468397,1.0906636944960901,4.485833248462853,1.0085108968068521,1.0806747064264264,1
85.47631752520097,1.4268376920201966,4.485833248462853,0.8306806393758733,1.4254367968848656,1
78.52747433078837,1.3328275186921443,2.8058703636069455,0.6266894237988363,1.3307936945971455,1
63.67177720655454,1.1089252989043688,9.239987850704242,5.297748928004626,1.0672082264515863,1
86.49521496051132,1.4881033040198508,9.239987850704242,5.6820990519783425,1.4490737972945438,1
91.00566982253203,1.563119553017222,9.239987850704242,5.48875649500368,1.5246384624314295,1
124.59070917678461,2.1229169831774315,9.239987850704242,6.6014059675966035,2.0874710425866567,1
123.0611081405407,2.0523565778926236,6.838386995081749,3.72788504355706,2.0511210250602647,1
135.93638818914897,2.267133931296695,6.838386995081749,3.2157366941758823,2.2660219071687973,1
89.13969585142331,1.4860203477361802,2.641594618521122,0.23300694741926883,1.4859340187604948,1
74.34368623470222,1.2593284157400033,2.466311496921401,0.3057175975923694,1.259272765125298,1
63.726894408063046,1.0795884984737931,2.466311496921401,0.3423443198993797,1.0797508371410207,1
60.88209647175874,1.0313506013388294,3.026109360586185,0.5574713160335538,1.031672622502817,1
80.599471324918,1.365801559000812,3.632113287434261,1.336899553013688,1.3658612324168447,1
107.48790481163724,2.5301548690666467,27.20881742106224,20.18432951906042,1.7916741088399852,1
111.46242329251787,2.6266510580135254,27.20881742106224,20.83274728322986,1.8578618766983561,1
126.34737948016243,2.108338300778293,6.910133896254122,1.3557691490196515,2.106105573838783,1
73.16163324081403,1.2199586175500212,3.3122072193329926,0.7032037378219866,1.2194418501369095,1
98.0097652283259,1.634900750425754,5.996945807124647,3.739413498993065,1.6334960871387652,1
121.31808925723436,2.0572805984087967,5.996945807124647,3.1294744492377764,2.0546716785034187,1
135.7939006315109,2.302470883678357,5.996945807124647,2.437612627621537,2.3001101092772602,1
91.71495709037487,1.5311138787739518,2.496381337493324,0.2731090204700556,1.5300361525178063,1
71.1120228605449,1.2066850038370132,2.496381337493324,0.6281792595290485,1.2055950302711689,1
59.553250627490705,0.9938151700813447,2.496381337493324,0.7479198832845924,0.9926038073152108,1
78.6693327840184,1.3351467789984175,3.9462311822293197,1.8346297068540096,1.332858932687569,1
92.55539001169713,1.5461449540655674,3.9462311822293197,1.9061889862757537,1.5428469746907338,1
125.35626311213248,2.0925930442310285,3.9462311822293197,1.1169120783379822,2.0903162099738615,1
138.38335907112267,2.348683553193023,3.9462311822293197,0.4918244069720982,2.34472558110308,1
76.24432847141135,1.2919132216850076,3.877254118339907,0.7815498223105004,1.290526886787599,1
60.33789475674938,1.0227257855687446,3.877254118339907,0.86957780236242,1.0214988615959466,1
40.5044920150553,0.6870530248757338,3.877254118339907,0.724965848810638,0.68586582252532,1
22.525997432729316,0.38187381999408904,3.877254118339907,0.45340153688668805,0.3818353973748062,1
10.385781356030282,0.17430436252421355,1.2167470267215608,0.06875173319459808,0.1733072130430404,1
6.76401200836057,0.11471618079858102,0.8837064715266179,0.03974064038449367,0.11469287000187486,1
3.5454990347473347,0.05897161689942892,0.49166880400721996,0.006237857172963828,0.05910150082926045,1
2.6433106038601855,0.044158306592111986,0.08950356596425625,3.704848553529385E-4,0.04408162570642695,1
3.1354600084891993,0.053178691431492064,0.10018642171082685,4.3975704585562576E-4,0.0531118829252003,1
72.47905684530178,1.1968133085954602,29.721712828231237,18.387898709293346,1.2085079675409642,1
187.31020612762293,3.1191982325563945,29.721712828231237,29.39794133781441,3.1223051145608998,1
219.62507156632944,3.662218730710443,26.497701506611975,17.532586393360127,3.660417859438824,1
170.60937073282415,2.885165370856408,23.884835232168594,8.372233009115646,2.890312575944029,1
159.81715490941906,2.7054895479411227,23.884835232168594,8.191464924514822,2.7093623155851128,1
119.97062131099203,2.0016491903615536,3.3459523687784816,0.47512117904303547,1.999876999299739,1
109.28041129658631,1.8210481913783991,3.037743127202985,0.5203850199440816,1.8214009016398265,1
99.49759523575975,1.6578234999930215,3.037743127202985,0.49909988874085703,1.6587908911966882,1
92.3427678679479,1.5383953532230896,2.7464683814198385,0.3525308771472821,1.5397903631413168,1
102.28953753295029,1.7332277036317114,2.9185785698984885,0.38769528609969234,1.7336622069243464,1
101.48949780806757,1.719214881920937,11.352553311903675,3.3975836618699873,1.7179189499816776,1
84.85260962898856,1.4332172443145692,2.5762699441532075,0.2251146221185812,1.4316524596161326,1
94.84550311318858,1.6082124749725433,2.5762699441532075,0.2805973479949696,1.606978924674075,1
91.92698546155005,1.5597480919201514,2.454763924608769,0.2426399951632311,1.5586656967267463,1
93.08960856226933,1.579209611846871,2.4318431889760364,0.1377027410351843,1.5778702063201406,1
98.68991375886411,1.6481707552685636,2.4318431889760364,0.10661916981139252,1.646505843588717,1
99.63956439113397,1.662684811073307,2.1422300125793274,0.06839578859447178,1.6617118240074376,1
102.47175524993744,1.709297627655549,2.8264597143089825,0.10230226871902356,1.7080049212423944,1
104.56364756083975,1.7434489001912727,2.8264597143089825,0.0964724557152447,1.7427274593473292,1
105.12255668027584,1.7534275443896967,2.8264597143089825,0.09465024015341464,1.7527144852239331,1
100.58293857471686,1.6772564450351173,2.8264597143089825,0.12741888412136596,1.676605857026218,1
100.52912137946821,1.675973238239571,2.8264597143089825,0.13365345056517977,1.6757925849650472,1
93.90424865810915,1.56563172979261,2.284514651248004,0.12358757663297178,1.5658537378374047,1
87.81810073994073,1.4634142357672957,2.284514651248004,0.13795537271849773,1.4636838017924054,1
96.82607878837722,1.6412354307654813,3.5468191888494642,0.43023154643547196,1.6413425343839372,1
100.95856634658412,1.7117297772249582,3.5468191888494642,0.40419170437038693,1.7112201489302032,1
106.5309889348539,1.8061800292107257,3.5468191888494642,0.3606639572355266,1.805579378906356,1
109.95554761353955,1.8340374268682962,3.5468191888494642,0.3029312524206042,1.8328979432161951,1
95.31225268679773,1.617010995084483,2.261388871075577,0.0972608762557981,1.6162015275939452,1
89.55329204548268,1.4941759785046895,2.169345518742769,0.06514956666857012,1.492679257362825,1
94.0741944512663,1.5941278344315977,2.512253157770238,0.11679171209406272,1.59280407793956,1
97.54927287602722,1.6273900312956842,2.512253157770238,0.10645008257401617,1.6261464438892315,1
101.50583455267542,1.693133495545997,2.7736184489808013,0.1511926666823632,1.691848501636339,1
101.07948186688186,1.6862161959531943,2.7736184489808013,0.16348389447753858,1.6850231194572467,1
105.27051287990014,1.7549202588708246,2.7736184489808013,0.22250053955279717,1.7545962778122262,1
97.67268432019397,1.627714197222141,2.7736184489808013,0.2825295272675761,1.6279052037566286,1
89.20095197887939,1.5122796496875683,2.866961988613315,0.3916960547087653,1.5123419344694888,1
91.78512791516646,1.5464386231502838,3.205934320546521,0.49878488759705786,1.5499531884759101,1
98.0437880377039,1.652550326541181,3.205934320546521,0.4263203408456782,1.6546636969892479,1
101.73375415855145,1.6972127484434376,2.6403585618600336,0.24119294769852645,1.69595829291087,1
102.11115666255763,1.7032491179717668,2.6403585618600336,0.24386284311031559,1.7021646745662977,1
390.70916398472093,0.9614379691769164,4.623177377650375,1.6437053186872612,1.0559421744945297,1
395.57296176409716,1.345012071794425,5.752296798825298,3.199944149574505,1.0719466314134813,1
408.7842551117699,2.5826007423060506,9.99059184890367,11.581294051155796,1.1138990833733529,1
409.3766808772772,3.1144434603870716,9.99059184890367,13.059631879892937,1.121632188012256,1
412.04744719421285,3.687191145170876,9.99059184890367,12.22529129912688,1.1319673832977468,1
415.6729597627743,4.055714405418894,9.99059184890367,10.708476258788437,1.1420716328064708,1
55.09902307585929,1.1055461718591346,9.99059184890367,4.725684643170813,1.1022670509504329,1
12.136789159052464,0.057102847482865454,0.2571311506212921,0.002332750324248267,0.10112558353443649,1
11.764700565211205,0.054404809590203045,0.2571311506212921,0.0022452573968922336,0.10228395553130938,1
13.541610957924679,0.14189399199112213,1.1180214895921379,0.07435035907882376,0.12538876966883042,1
146.71883178734774,7.5202255382219185,88.66698522417471,508.39728572706605,1.4526041719867306,1
207.24202033029272,12.979945206124844,88.66698522417471,650.0529568209822,2.1137654556147516,1
226.11292465886038,15.347854732687072,88.66698522417471,672.5417295554149,2.331109143063366,1
241.40462804403947,17.66920855866024,88.66698522417471,683.8045615110105,2.5144743874761937,1
148.9088843653689,2.9605006749990594,20.320455044012416,20.669170250736116,1.489610207226218,1
81.39197471122908,1.6287363993143984,7.067321492134146,2.2361641632097475,0.8658260168206913,1
47.62007384968786,0.9763833192025745,3.0699621396293817,0.591717920775132,0.5602954883421523,1
33.855737131233944,0.7258079638160307,3.0699621396293817,0.8020695643105249,0.4454878104561225,1
22.63515047016635,0.20853938344618805,0.8123806976473549,0.0503493093840065,0.3144993951837708,1
21.15013038369693,0.14097285771593598,0.34487480058602343,0.0075449550010521895,0.30648365262062816,1
272.39339382047547,4.544170605216199,5.449325968001979,0.14741858880007003,4.541933767203166,3
269.3970177656351,4.4928435632827615,5.121118914258905,0.11686316363211104,4.491672103733683,3
225.1982745546092,3.817614836666721,5.121118914258905,1.2099531991692791,3.8166611510170365,3
214.4564061892712,3.5780257300953613,4.947795132288438,1.6285964894934843,3.5757037179750437,3
226.51477703032018,3.779036670132868,6.666126472823795,2.3064432083406143,3.7766310485564736,3
191.9147176006806,3.2031909842839266,6.666126472823795,2.9653058748655794,3.2065415381644518,3
204.7948575602975,3.419316614765293,6.666126472823795,2.363413151919905,3.4243768507699603,3
182.8628264119136,3.056728822409696,6.385028013104694,2.0929924916512346,3.0516809587783054,3
288.35755019159564,4.887166381387031,13.99750332113356,2.96025425168234,4.886505061625725,3
264.96300124759125,4.489360276539878,13.99750332113356,2.3114465995753646,4.491126688604357,3
221.69090046865196,3.7577645762928285,5.255666176277524,1.1048682490499813,3.756645153926287,3
192.76113524085196,3.266522676729722,4.584764533856488,1.7140339555928983,3.2666949437508803,3
130.63838223792285,2.176484985789918,4.05122587707257,1.3426190868740182,2.177524123044352,3
107.86007063277393,1.798156375229101,3.7983670275773496,0.9050146324082506,1.7983572141449877,3
58.97257826820156,0.999715759307528,2.2633749052769456,0.3741024026940326,0.9999250261661591,3
46.71793309606711,0.7789977028846558,1.9334406122464425,0.3609695759641137,0.7789048349600212,3
143.7577027510109,2.4075348409965827,15.121840682657272,9.413628354668138,2.3964410007169916,4
185.6326288807106,3.101283623744585,15.121840682657272,8.917451865131422,3.0942381424617973,4
219.64894019216666,3.670107411084589,15.121840682657272,7.047173742068446,3.662524848131906,4
305.91564999572665,5.110965896935961,17.29651589342097,8.344293339502412,5.1082146374960615,4
303.19689890989514,5.060811875850049,17.29651589342097,8.64083325920993,5.056484088420919,4
350.7191781599014,5.93092452079818,17.29651589342097,16.25668899643382,5.920210296245867,4
575.2561433164226,9.736931492820458,20.874576288186137,36.805428743935536,9.704051000614417,4
687.6555470142359,11.637982146194517,20.874576288186137,34.9768505178853,11.597388386923399,4
796.7033714884207,13.490202697155748,20.874576288186137,24.745282770363215,13.436039049656312,4
909.1203127752282,15.41993618494743,20.874576288186137,4.090063422356128,15.410386018497274,4
921.8962999941801,15.38155930887078,19.42335585314873,3.2482677774055726,15.368268124663345,4
891.2406797719542,14.869539089786388,19.289505571063778,3.3948218679074462,14.856735064294359,4
817.2285439685252,13.90620269301056,19.284611346864345,3.660690028616031,13.848749283498417,4
796.0492301628952,13.528336494635235,19.284611346864345,3.648957913352809,13.47363376600141,4
614.2172237709892,10.455236459179263,19.284611346864345,22.901190040148595,10.407815365093438,4
529.8826088540427,9.023321865504121,19.284611346864345,20.288008257269695,8.981670093803693,4
519.1196277189752,8.798961825145884,16.657657940790802,17.933687752943428,8.799681787991375,4
516.7973610851146,8.61718268271453,14.187920941447496,15.728867725685951,8.61802926751571,4
571.3982734212999,9.530021341501792,16.206470906979128,17.430484353350543,9.526162405743388,4
401.18805280729634,6.6928073686949,16.206470906979128,21.089202701154182,6.687805107809835,4
275.2346650083595,4.5861190330926265,13.769878449657021,13.753393286937184,4.587397330050327,4
403.0543812865643,6.847502144099386,16.97487871257551,32.73157167989189,6.833051593370704,4
495.63222423276756,8.29837353355922,16.97487871257551,34.95572615554054,8.26122550600496,4
844.6573002145348,14.33157976123141,19.40491578096316,6.423438799332796,14.302650030725664,4
957.2236049479716,15.981353514254211,23.768974463260417,8.83063411590882,15.956652135357675,4
1015.6759946087395,16.93258527034663,23.768974463260417,6.451042840888088,16.928215380401998,4
1224.3656358120354,20.410459537648173,27.286494458266624,4.577958279563491,20.40847491894113,4
1215.9429160661007,20.61268148972252,27.286494458266624,4.610195606998411,20.610249946032862,4
1198.4064092468725,20.30802291556198,27.286494458266624,6.1302668288190345,20.306810289703847,4
1143.7639128373448,19.073997266699696,24.721239908645792,4.822156106321701,19.071313971909774,4
1128.0570337845515,18.802352021158253,23.445774287555867,3.858555044975852,18.801263917474483,4
1139.4423209993727,18.995649088429822,23.471745117836747,4.6233078391106535,18.99197148142164,4
1165.5456979541214,19.43132655399319,24.100612845826376,4.366601299981491,19.427704403008992,4
1311.0339735759264,19.85931071304317,24.100612845826376,4.095070844481668,18.700471758539468,4
1098.5477075905046,20.092088576470612,24.362003660271732,5.178407963334267,18.618821524533143,4
1023.6145042427353,17.97605109053703,24.362003660271732,8.327790862200386,17.352633613770962,4
955.23999770903,15.630451400346837,24.362003660271732,13.641114883567566,15.92650634747791,4
867.4652752824665,14.716021745599933,21.97213755834751,10.296918566053215,14.700060586712077,4
841.8776549916446,15.061460194855712,21.97213755834751,10.32799032509461,15.033798014101047,4
991.5214302925046,16.171164571870783,21.97213755834751,5.910520201956924,16.525908035142916,4
1009.8988716605508,16.571014366356682,24.257606151917614,7.765952495250271,16.833331194128593,4
1066.5125238766461,17.823735335337144,25.74446013146711,10.26590557283167,17.783804236658487,4
1315.4719638976994,22.326420159472463,27.189682003011793,7.492797129540826,22.300292662999873,4
1466.398386702073,24.811685896432465,32.761238697352226,12.264243655197404,24.713885340896148,4
1523.6413482224568,25.77672721630968,33.50150698488666,15.932151766302708,25.672569853282397,4
1570.6742608206264,26.582253923536626,33.50150698488666,15.441220671193756,26.48825844175298,4
1640.4360629324115,27.841559722292743,33.50150698488666,7.752973235842009,27.80635753762881,4
1626.5149051896678,27.611333162406847,33.50150698488666,6.228800438190162,27.563844586243928,4
1714.9719041805422,28.65996744874483,38.52737590813164,11.032163589596628,28.593349297751544,4
1816.5586511696354,30.328830449052298,38.52737590813164,6.105671253866876,30.283043562991956,4
1811.7692465078214,30.743608992861365,38.52737590813164,4.856800293748787,30.705351182235766,4
1795.6618067556426,29.93528610886783,34.66267450259717,2.5893258196419557,29.93118875128169,4
1684.3890337500068,28.553157757729426,34.66267450259717,13.470494158787865,28.551870253754736,4
805.3887832156385,13.65288678248901,25.28691457103878,17.87516514953551,13.647650233264509,4
894.8125091337104,15.16507829839138,27.346019145946467,34.18804797297456,15.165028542220325,4
1103.3940435354182,18.707811058757567,33.7888160634447,58.33770135430771,18.70222793205563,4
1746.474350882579,29.113137661221,33.7888160634447,5.779685833267862,29.10936131610879,4
1739.2149152694717,28.99577456426111,32.466692207651285,2.7917971438730627,28.991747212359922,4
1784.3611746394042,29.747081800965688,37.2325311399313,7.678834201843028,29.739352910656738,4
1782.7613337384867,29.726780782588957,34.606402193496095,6.232470784003126,29.717146467611585,4
1703.277640701866,28.883123848862812,34.606402193496095,8.31219276118895,28.873027541054142,4
1644.1947946202065,27.42017745584035,34.99017131401166,5.405953676655892,27.41238403834956,4
1562.104275831324,26.053819603796644,34.99017131401166,5.35782704144244,26.045489459639256,4
1532.7414416210886,25.972590295066365,34.99017131401166,5.885055461288376,25.963266564259992,4
1537.8309535233793,25.644910763557434,34.99017131401166,11.930933871414195,25.641199725275186,4
1527.1589248457,25.456597263695123,34.99017131401166,12.22551516887639,25.453497197334915,4
1516.8016465521828,25.282237467050663,33.96287252436854,10.226041169363565,25.281712890062384,4
1475.8285274504367,26.21088675572206,30.0509465687232,6.8374461736420935,26.353139663769806,4
3393.666917694416,26.01203652991459,30.0509465687232,10.140894990883435,19.503496593130098,4
2651.3386408405227,27.103157185176507,30.0509465687232,10.450302736777441,18.28673357501378,4
2463.051550944485,25.499959911006066,30.0509465687232,16.074259593238846,17.72170774504072,4
2427.0366733884052,24.787560253461194,30.0509465687232,14.81573929302081,17.58824187915535,4
2389.4975853287356,23.8272648322658,29.253615059691754,11.88826488973034,17.43891509570603,4
2357.911075843849,23.2467739788003,27.574191697132754,9.995118177838242,17.336051788399914,4
1299.3296555282454,21.658013217407365,27.373852738139124,17.549588999928947,21.656577087658473,4
1101.8852052514876,18.380273774872787,27.373852738139124,66.8766879884021,18.37547244645189,4
961.0900727033015,16.019256733689822,27.373852738139124,71.86406504284228,16.019502836958107,4
872.9680241133972,14.554219728102229,26.71497519689718,60.783941034003654,14.550437097696465,4
710.2875755538513,12.039500153868739,23.4815376026287,32.099724870564096,12.036324401034557,4
693.9767267630659,11.567291385472759,20.805454129276686,26.82897647972138,11.567242716277455,4
473.08062555196847,8.015785086170059,15.262425461601806,10.781249799424106,8.015326921350827,4
287.2030718860082,4.785053917400532,11.33752610304642,4.562292560403812,4.786797644727549,4
259.1846631788189,4.3204981886515155,13.912444196628263,6.276688276570011,4.32032042903752,4
251.21625258220033,4.257863113219829,13.912444196628263,7.141974204821711,4.257253174637772,4
149.38829938936058,2.531767342104512,13.912444196628263,7.171718243853887,2.531661798219912,4
245.08455517454925,4.153568437278072,14.379406240219977,16.29449818490987,4.154045918990987,4
250.4749773959373,4.244762625788623,14.379406240219977,16.480238762216533,4.244691104677885,4
549.3660595029676,9.157471944087709,19.047832911275115,17.25654028564122,9.157474612908063,4
518.191024532572,8.783107473865257,19.047832911275115,22.116692039552397,8.782303310497118,4
318.1096278866749,5.302875357762812,19.047832911275115,27.326082497104945,5.302976109601662,4
560.4448723417845,9.499025684147165,16.583061859329103,29.207250904369705,9.49681215206196,4
654.4150308899609,11.06654794340071,16.583061859329103,5.810165822154814,11.069453659398178,4
510.4178541491118,8.650136507003191,14.646415626292802,13.310253224921249,8.644703173042338,4
274.39047810778754,4.58107821245784,11.427281730723685,17.71033617196821,4.575462366312949,4
335.6733611500073,5.614763521679845,20.88236217402193,39.18887684899408,5.6012775522294636,4
298.8476604159952,4.979732984689961,20.88236217402193,38.32391636853384,4.9822059652900865,4
284.917830246396,4.82737020512533,20.88236217402193,40.168235352871264,4.829852524052754,4
291.71128037142324,4.943018558453212,20.88236217402193,39.14911508979654,4.941997397316876,4
340.367524757123,5.672128872224247,20.88236217402193,36.4759308403493,5.674116039694646,4
233.7159681509928,3.9572823749949704,12.308563562710571,12.117757996328622,3.961556175859258,4
405.70248759446963,6.768308234043809,14.443130385690504,18.648542706122345,6.768589525925852,4
508.3658407127031,8.621375483374008,14.443130385690504,13.104039645414366,8.617976923031465,4
400.5007173932041,6.793821847579438,14.443130385690504,21.371900064664086,6.789989105404925,4
338.14060002892575,5.727465675271643,16.26491621544758,15.843703750520303,5.728866224398986,4
242.97852356144148,4.05061678066893,16.26491621544758,10.192085447121602,4.051330113571346,4
112.54245769637308,1.8813466075654712,16.26491621544758,7.960300593158517,1.878368650527799,4
57.848701493955524,0.9666618435889996,6.448101840495748,0.7841977133195195,0.9641932345609868,4
117.52371384345072,1.9983083209127166,20.909860439096384,11.24113973139673,1.9918935923704806,4
145.62772331146334,2.428398277318965,20.909860439096384,12.1793667586511,2.428302401351709,4
164.05900324595532,2.7347901963444503,20.909860439096384,12.008748954139167,2.7345901797839005,4
212.4617981212271,3.6029166719757972,20.909860439096384,12.151666101957645,3.6003761692095897,4
133.10018094271078,2.2189667796048598,7.52351126017533,4.338194126998755,2.2193350498175977,4
111.94869693710794,1.8985544716148128,7.52351126017533,4.146197975681656,1.8978537124638977,4
84.30751378454218,1.4065081656832588,6.940089745897983,2.4579783589508506,1.4066960403207278,4
445.7542462718404,7.56403096275364,25.94213785512834,26.018215544131724,7.5527244831637335,4
420.13576916923904,7.120479898511578,15.630645619618516,19.858408032698502,7.118411568242474,4
504.5730539084239,8.559358944029881,20.79138751232172,35.01039319230259,8.550926211842867,4
671.5148630358647,11.202962828762372,26.087719037412505,50.06056028629063,11.194899690515214,4
982.5402481642805,16.394672023882453,26.087719037412505,56.29056991940176,16.393977410846787,4
1150.1227589401683,19.502460558939305,26.087719037412505,22.871219482513542,19.496249643005296,4
1343.676958099531,22.029024541111102,26.087719037412505,4.616714780107494,20.044409011703305,4
1101.6505004907165,19.55004424173229,24.888609587806233,11.233482927717676,18.360841674845275,4
721.7679107057522,11.96207795894128,22.6503988928377,12.16984241712658,12.03126986890954,4
640.2251139823985,10.681769487740194,17.726942939225786,12.026963730567058,10.847963570137898,4
496.32705097896195,8.27202611788326,17.726942939225786,22.34778348607304,8.272255387239152,4
376.998539988112,6.383912194530199,17.726942939225786,23.239010631524444,6.38774869089805,4
168.88472011364598,2.86130514413458,11.67783027967195,9.341700895838022,2.861288969125203,4
105.38008110629036,1.758884941184717,15.226047582746608,5.477625991287711,1.7564225062301508,4
363.8273197874199,6.067807349215281,20.40663349715162,41.984905309205665,6.065203877361717,4
499.8992625909579,8.339223006888744,20.40663349715162,44.65043395513368,8.338603212526403,4
627.2861373904567,10.4638093209246,20.40663349715162,35.485391513423714,10.467329752210265,4
785.1875536769678,13.085504273839172,20.40663349715162,21.766609294350328,13.088640668060807,4
904.0405241261814,15.324971476906924,22.852317127895446,12.405851673010424,15.32012411669516,4
1005.2037291503794,16.773985695872454,22.852317127895446,7.880573228769783,16.766529267098885,4
1012.3817313236661,17.156438648919984,22.852317127895446,8.276555854047707,17.148548873969546,4
1005.1204217376123,16.76352081859752,25.907262415542355,12.846405577433885,16.75759289325796,4
1011.861199441792,16.879848793314764,28.45538012633924,15.679323562614249,16.86885168447906,4
970.7222924740458,17.058699531007427,28.45538012633924,16.984570248938176,17.04576618097292,4
1342.1095647515447,19.78101931347901,28.45538012633924,7.486413406646335,19.74155043468382,4
1158.683434001017,18.45100910426376,28.45538012633924,11.935820459166116,19.316219621589017,4
1137.7064170281922,17.321457715827183,21.907982398100156,5.265566341437626,18.963037819657846,4
1123.36930155579,16.573917678122225,20.241773276718217,3.23538431981723,18.72625483931704,4
1086.3015072492028,18.63276320857045,32.14973264440079,16.8127323634614,18.41157789273407,4
1151.87182697847,19.800819137705833,32.14973264440079,16.814061134311228,19.197863782974498,4
1196.0335741185063,21.418379389988004,46.5389438364056,34.26001408993953,20.25870751242431,4
1231.8554760234938,22.35084076038537,46.5389438364056,31.5208910061073,20.876429508761568,4
1241.7330636396525,24.856370662255355,46.5389438364056,16.24073767477504,24.851062974356125,4
1155.9863481459229,21.159570521202433,27.94734353136153,14.95205320821781,19.58236800626648,4
1122.715628314005,20.465103988085563,27.56631628644038,11.872183369296948,19.03940490289657,4
1185.9622714830018,19.797539324478024,25.59250593225979,7.937474302614716,19.789785600770955,4
1235.5133103998407,20.599186756189077,25.59250593225979,7.6138544787504,20.59291815257164,4
1228.3743517974433,20.818971422082235,25.59250593225979,6.954960142691615,20.811086010968967,4
1157.9546043631078,19.315140621796843,25.59250593225979,16.087702486728123,19.306966192528808,4
991.9773530824331,16.54536827138114,25.080964561695875,49.21059364821421,16.540399064286145,4
843.0440502904419,14.055739665365467,25.080964561695875,67.67622065749369,14.055184980084391,4
472.3325115832311,7.881840939977041,24.603967971385455,49.44096108200585,7.872995825969782,4
279.4006277815539,4.748197751699692,17.071605160382788,22.30718379995497,4.735122322840963,4
158.7260747792866,2.6961110777072315,12.059849085371466,7.955594574704438,2.6884497760719275,4
42.68816215669442,0.7239735225098097,2.621136523945351,0.1582558166912425,0.7232094696692036,4
39.44743276865581,0.6689263203824427,1.400672985041009,0.09991966709068985,0.6686005554009459,4
191.14805267741164,3.201023013204668,25.10417832598866,30.42092039491081,3.187394575244483,4
569.4695606516063,9.506924170437976,25.10417832598866,59.006489932000356,9.492899709140115,4
653.2415492112955,11.084067181496962,25.10417832598866,51.343367686713314,11.06776370186194,4
658.8486133085254,11.169524228885363,24.91161328263779,45.81513403640821,11.160494178075776,4
596.660559301619,10.112394483484715,19.620275029489694,32.67055508438882,10.11049173588672,4
558.0158416211239,9.453674478825613,20.698227065414816,38.15519995195377,9.452928827584216,4
568.249628399522,9.480715214094856,20.698227065414816,37.2217406061484,9.476196984950171,4
472.9951608664761,7.8844917768817115,18.752003062709235,33.739360554936695,7.886275753480103,4
647.1486954856027,10.96917033667312,18.788072483560512,23.753719752508438,10.966763183962087,4
530.596290990555,8.99226810297569,18.788072483560512,29.53479954242049,8.990414636052645,4
543.4593592027144,9.064103401773137,18.788072483560512,34.7938199656248,9.057655986711906,4
397.473181586825,6.741597576884136,18.788072483560512,35.50625810271717,6.737290351664943,4
366.0527103684268,6.110191406805488,20.695949052107554,44.12864068578908,6.103319834074076,4
530.6770846898766,8.849362881127755,20.695949052107554,50.1416579326714,8.845502628427452,4
699.8317309078894,11.689409633515343,29.597933609271205,69.56497276418432,11.672811337156643,4
989.0036725967672,16.78302461918566,29.597933609271205,46.20011574750768,16.761637729590657,4
1084.4184830093516,18.392422124125655,29.597933609271205,15.539431312754624,18.374679889004042,4
1029.3268383730103,17.17428112034417,29.597933609271205,28.482853034622348,17.15716302251909,4
621.3173091020011,10.365629976183746,24.51322572166362,56.4399140086999,10.358741398832963,4
493.3508869442949,8.22984964811491,21.199738181829506,64.36762611114357,8.226353747487076,4
789.8093832707477,13.384735306206917,21.199738181829506,46.3195852932373,13.382290165383143,4
927.464757931117,15.72147573086947,22.198198728114335,23.152573092415665,15.723472653360409,4
760.7556551962532,12.686589201863681,22.198198728114335,52.58293471471096,12.690470835842547,4
626.7856650478205,10.444611098277893,22.198198728114335,58.37812403869385,10.447820793569486,4
542.1654570006403,9.038246688545605,22.198198728114335,50.6883233193288,9.041817434385782,4
827.7304605382916,13.798975323692217,23.289795377808122,22.53005808363324,13.79573760459827,4
970.5249735973715,16.17985386307361,23.289795377808122,15.796898461036692,16.17730357870704,4
866.2119992330851,14.436134391939799,23.289795377808122,43.847835491703414,14.439032508761064,4
678.2313720459507,11.495898041070227,22.157128256808846,58.577601340791205,11.49116214370829,4
509.4407137475437,8.631037151923914,22.157128256808846,60.57083897878965,8.631077421854563,4
341.027429046797,5.780270468054758,22.157128256808846,47.16179254229034,5.773374004076538,4
270.26540467044236,4.575499649377375,37.46110346500647,58.02390251140099,4.576658335231781,4
397.65008384971225,6.734634779632217,37.46110346500647,72.67081287464396,6.733782938203178,4
422.9755621866794,7.0538173272910365,37.46110346500647,68.95307930705769,7.055354576015069,4
573.8481264517408,9.561087477497402,37.46110346500647,53.29399084560665,9.564294845776441,4
672.0647336456275,11.20402313745613,37.46110346500647,47.404854283038894,11.201452275836319,4
621.4409935336655,10.530592072129386,19.304853370072646,28.016431024939717,10.531470199526598,4
580.0854391357819,9.670982027096706,19.304853370072646,27.542306579979194,9.668090652263032,4
472.9295718016599,8.013180302734959,19.304853370072646,39.150454549633416,8.016434813147892,4
522.6509987434334,8.717810809940175,19.304853370072646,43.584810148083825,8.715062259149146,4
543.8687653040353,9.229010246432752,19.852947109055428,51.19775900739396,9.22061517197944,4
529.0705185682629,8.828812201432447,19.852947109055428,44.95381650027196,8.819017845183739,4
582.426590289856,9.883269905952865,19.852947109055428,46.97997781734774,9.873645322605547,4
757.686400531555,12.633671251742028,21.180828144604472,39.588390747770674,12.628317147478375,4
1016.1332130362273,17.217510537028584,23.100396959915123,5.2658721743774475,17.20917950472898,4
1022.6621152468488,17.345336024445594,23.100396959915123,4.341057510330669,17.334137587451036,4
550.5799267953618,9.186193987018664,17.927186999626905,19.30235697296761,9.181994343100941,4
495.9100040558879,8.270249054728966,13.504680271476131,8.055470870902607,8.269439277891708,4
561.598128130078,9.519642318324163,15.556671112285935,7.011891734110987,9.519903175516646,4
616.8287902375944,10.461732470464469,15.556671112285935,3.4234867708557184,10.453839339676202,4
599.2392071208579,9.998368832618297,15.556671112285935,3.291161431521465,9.987819509656449,4
584.9846769419692,9.760481398769773,15.556671112285935,4.05655013419778,9.752345241097112,4
492.2909484590956,8.222742839386493,13.819170394829655,10.648540621241668,8.209911920002261,4
417.3660322122176,6.964295076040314,21.011107672621552,25.90172777857746,6.956216473811523,4
338.8687728471614,5.6619795096750325,21.011107672621552,25.543930733202387,5.649884505104561,4
261.90443467891527,4.44997282400178,21.011107672621552,22.754882424673255,4.440036528030164,4
193.93500844409223,3.298316159755824,21.011107672621552,22.02247510637842,3.287034041425292,4
224.07824867606476,3.8021377462367547,15.280408462650426,26.715907289227342,3.7974858690674798,4
615.2266008661744,10.442448710207584,15.280408462650426,4.922164133833322,10.425802421050236,4
594.8762748382677,10.094637874021196,14.102645169751547,4.629618737212361,10.084528892476017,4
394.0573035793899,6.575455060337926,13.08725377169485,19.26730520886254,6.567950123829356,4
356.9552888384072,6.054227535530999,14.376679252350778,20.281366779757764,6.047732050868428,4
409.4569149685473,6.942222537307415,15.349226095968833,25.67397228272404,6.935950722779201,4
426.241646894648,7.227633819720949,15.349226095968833,23.97141108497477,7.223700079562214,4
443.4456897873206,7.394665868686163,15.349226095968833,21.854547090986156,7.390761496455343,4
374.94366602070636,6.358269410615883,15.349226095968833,23.285348504829848,6.3522857436799045,4
217.47269788407198,3.6261778469163772,12.514400221207483,11.392001478904419,3.625813999634405,4
433.5158154546808,7.225189423202101,14.712645888320228,14.466781209966637,7.225624872154954,4
495.6496358766112,8.256449930554345,14.712645888320228,9.681772269158655,8.260827264610187,4
468.22950033197236,7.932789650897191,13.026432086404593,7.542419255026782,7.935958718190749,4
526.1933405134791,8.94002644553278,27.077098671305485,14.951689856356563,8.91974065150324,4
560.46496390951,9.362318114224907,27.077098671305485,16.088131814568325,9.34232837560858,4
313.4987242233797,5.319824762994189,17.54188663459944,24.443259203447724,5.311737109850554,4
309.4219043202229,5.249257008776377,17.54188663459944,24.92141145981765,5.238845035305062,4
334.86914367160153,5.681761349832174,17.54188663459944,22.43693390620053,5.672863690862299,4
252.7234426304514,4.215848121521883,22.654643193267198,13.666505043387074,4.216836458493816,4
250.13157075170716,4.151622432008542,22.654643193267198,14.722898289825013,4.198740549438624,4
268.31756694186595,4.457900787450644,19.25071501662353,15.952274963830682,4.548140807557691,4
317.13796287969615,5.304633225691493,19.25071501662353,19.527870709420032,5.3760397836906675,4
348.0840352669259,5.839960776874949,19.25071501662353,17.401611972669958,5.895932031351434,4
314.47399152699,5.2455034830769005,15.902987095170904,8.94576243530764,5.244729678568879,4
185.53329184639085,3.137607627874125,15.902987095170904,9.490273423638289,3.14266124373513,4
177.32539445274503,2.950886094491771,16.028680245655128,14.102475698479157,2.9555710194300553,4
139.49285188608718,2.3274650383191235,16.028680245655128,8.924438534623047,2.324997114623851,4
78.40968706012109,1.3465764447037936,3.069340325815214,0.5507588877423265,1.3268413073884608,1
74.73587106466344,1.2651401194864622,5.106490103586702,1.0453149956453687,1.2640316459139693,1
81.19026395179041,1.3675219585764053,5.106490103586702,1.1884190943003428,1.3564264894378244,1
102.59196570970248,1.7689293214110504,5.106490103586702,0.7610087865201921,1.7391711286799654,1
100.10788119469768,1.6991214311880918,3.0948161813004074,0.35137558380336614,1.668965376191152,1
89.09378351256109,1.5246796583320992,3.0777014330318924,0.2240302024802672,1.5084278665948985,1
80.00262217566423,1.3793840999418319,3.2141911955775364,0.3411402558657445,1.3571727993428824,1
72.53107514466332,1.2250651165145883,3.2141911955775364,0.3982694351427199,1.2097182171333343,1
74.2133334801278,1.2467854877085036,2.64056497043251,0.4183228590231964,1.256234908933032,1
73.348705815492,1.216928003955817,2.64056497043251,0.4027453271772298,1.2226210693829613,1
82.59438834015737,1.383472913499542,2.5427547507914214,0.2184455128001627,1.377606343760443,1
77.08952627705648,1.29774321393274,2.259306036129038,0.14709800521436017,1.2859184686492933,1
75.18117747632503,1.2783053615662554,2.507688557893305,0.10180349823744217,1.253918266029405,1
72.66877578795498,1.237258409262591,2.507688557893305,0.09875061587763814,1.2156034758774672,1
74.57537117060365,1.2622981472569679,2.507688557893305,0.10002974267693812,1.2442708128906923,1
73.02061497949612,1.2275442397086629,1.9949990770972288,0.06832371804639624,1.2172537003983483,1
71.74199247090071,1.2244413333227104,1.9949990770972288,0.06465207896639298,1.215986584025165,1
77.51572451921577,1.3010209279702554,1.9949990770972288,0.03620635507588108,1.2919718077138533,1
75.30696865038986,1.2616486893884895,1.5025143614258205,0.021584605165144405,1.2575264031124633,1
73.82287544912018,1.2557021929467889,1.8761455153581714,0.03676139909898603,1.25085356076316,1
73.32567266219584,1.2293232270862682,1.8761455153581714,0.04467320387428807,1.2221760227714487,1
71.94193295118626,1.2318605569328134,1.8761455153581714,0.050979887725958115,1.2209275159728847,1
72.07858985750462,1.2380661144724276,1.8761455153581714,0.061475384847891196,1.222893908442419,1
72.02402919628808,1.241579597515336,1.8761455153581714,0.06397503610444301,1.2213258698414176,1
72.58844840513011,1.2294044238433748,1.8388999886521287,0.05196782068334738,1.2102915900548572,1
73.81120025714418,1.2508225454889463,1.8388999886521287,0.05300371808157854,1.2306789425294147,1
73.146728937928,1.238451660637854,1.8388999886521287,0.04987580742843124,1.2199864726041663,1
71.73730621511118,1.2168520133837872,1.8388999886521287,0.05200224128788203,1.1987785537767985,1
71.1486786551804,1.1983107528209582,1.7462616857911708,0.04463118929393572,1.1874539555581956,1
72.97991980682505,1.2557411255453053,2.38627861222651,0.07939546244951129,1.2351056019297497,1
80.84192818674074,1.37556468736129,2.5361648183571437,0.10460412903109445,1.3490742972221605,1
80.1733267851787,1.3671997823444308,2.5361648183571437,0.11377235435919444,1.336712240907978,1
74.73671731600247,1.2670444754929993,1.8931476216809462,0.057895546109878133,1.2458403593325855,1
75.5035669293867,1.308209607183291,2.589740164859683,0.11031032757313189,1.27658410566213,1
71.99462373099045,1.277153360698487,2.041091181990108,0.12735853104501216,1.2203305941248637,1
72.86347933705851,1.2893506623968793,2.1291527085137285,0.14040888015920275,1.234262955873878,1
61.0517413131006,1.0747003688987902,2.1291527085137285,0.24376426229959433,1.0345823882513532,1
61.014453628193046,1.064822170223298,2.1291527085137285,0.29432766117882053,1.030597328314326,1
61.76229467730032,1.0723035438363537,2.2031527460709626,0.35588906493173217,1.0440403447994375,1
68.16299742547663,1.1409276470102212,2.496931513335089,0.4162610824344965,1.1522778704332115,1
80.06554895509048,1.309512644755969,3.334339422302037,0.6989029873107179,1.3402559292102392,1
89.19241465508352,1.4518292839181135,3.334339422302037,0.740314892434345,1.498050263778087,1
93.33949817288902,1.556376399377198,3.334339422302037,0.6078109796375695,1.5817841036602724,1
86.61496685861681,1.4012652521680404,3.334339422302037,0.7641220910737709,1.4442567674684321,1
83.93838932649625,1.4149886080561853,3.334339422302037,0.7972662138445423,1.420830260955977,1
87.69033042016689,1.4881214388848425,3.8217386486515443,0.8950003873257523,1.462675647520798,1
90.58531194000793,1.5673944709473753,3.817470018462891,0.38033290112165036,1.5293048121825321,1
84.40836310672978,1.4730500514138745,3.817470018462891,0.4585414969131269,1.4302138857082547,1
85.1493173374988,1.4324186138918944,3.102185616918735,0.215674024466853,1.4219043039459422,1
87.23916672573893,1.4633862146564038,3.001386491577505,0.2159055516006055,1.455223051689585,1
90.4917886323795,1.5427004817325598,3.001386491577505,0.2463540262796839,1.5334472417877634,1
93.20538671548697,1.5772555886982236,3.001386491577505,0.313120749816008,1.566450760751701,1
93.13432627118516,1.5885837372980025,3.6594875245380325,0.4075130694994453,1.5561030938695286,1
84.41018046454438,1.4516259842200232,3.6594875245380325,0.37788556451892097,1.408174106476893,1
83.6312828159685,1.4605153639730506,3.6594875245380325,0.31728305994538936,1.417719661230183,1
78.35622386270961,1.3220664146581542,4.173389321368505,0.6181139852842412,1.3108089041388764,1
54.30248120756334,0.9148892156784425,4.173389321368505,0.7769380657773413,0.9129382694904816,1
32.914013972837026,0.5627052884507845,4.173389321368505,0.5821943241618114,0.5586315784863461,1
33.15724956638236,0.5786012143994578,2.698291692658538,0.33839909067148155,0.552657669951036,1
45.04169227731863,0.7855596075406087,2.698291692658538,0.4988099603486689,0.7618302907044404,1
80.03471126117987,1.4188514869713575,3.050457097797809,0.3707380811178099,1.353904510964913,1
82.71381739443707,1.440713140429262,3.050457097797809,0.3808446014160832,1.4068411299526666,1
91.68572689213335,1.5430052812769188,2.6211635711331525,0.2238861432570013,1.540341160427622,1
92.69100095838897,1.579874562808028,2.5423490680924563,0.17126469274976214,1.570927410995678,1
87.98358819761715,1.509834579086528,2.5423490680924563,0.16766781536541772,1.4942611062586768,1
85.82371797054302,1.4643951432240716,2.5423490680924563,0.1324008202815546,1.448330458351638,1
84.312899540847,1.4611154849133732,2.3981608143968565,0.16192698934700575,1.4296137333974328,1
83.73889881887864,1.4172358717423972,4.27739858809762,0.3182421901026625,1.3966259518142474,1
87.10956763035206,1.4688612536549281,4.27739858809762,0.40655341536021233,1.4546384281335927,1
77.77787122528473,1.311244909692245,4.27739858809762,0.5082222078856109,1.3180679426068012,1
69.8490370144211,1.1835856117483194,2.8983929529927166,0.34339407701447994,1.1841629711189283,1
68.71962231925711,1.1462290139353286,2.8983929529927166,0.32875631037109737,1.1464926395044481,1
71.09183692293892,1.2016997166884633,3.12790072750949,0.3333071049468779,1.2045788898800183,1
78.21787722650369,1.325603063384281,3.12790072750949,0.21296375339417778,1.325277486047165,1
63.59577392501482,0.7867374835336365,2.334720076676063,0.5201972656265917,1.0647386349179597,1
90.71812700010254,1.5672376991883383,5.534965093436268,1.481474261046563,1.5311593133962758,1
104.62960387038524,1.8192227356067288,5.534965093436268,1.4091170677551348,1.7766050951791426,1
104.83759319847867,1.8081951168073738,5.534965093436268,1.320483896209824,1.7772397090725165,1
107.01187107406,1.8763515972778386,5.534965093436268,1.3273701343518265,1.8115191555204577,1
79.34700538846228,1.361698572985415,2.5854452649983704,0.19331803846732132,1.324768434568199,1
81.0667203126596,1.3936268846473385,2.5854452649983704,0.16717658803609406,1.3607963391580011,1
80.42388935944952,1.3999051341449558,2.5854452649983704,0.16303117471238765,1.3628164872053534,1
89.13459860392369,1.5015253166627622,2.2314529822595586,0.11898937071454839,1.4884791777954292,1
87.71356926403007,1.4936570557762714,2.305034811662284,0.1533660796652257,1.4870991516882843,1
88.4047245924751,1.5052226972822769,2.305034811662284,0.15154046628351536,1.4985375562341103,1
90.40267012170422,1.523714299770937,2.9301649090353687,0.24053104095964173,1.5141304076927649,1
88.97238686547658,1.5055179138498038,2.9301649090353687,0.21141639944259555,1.4873351197839615,1
86.35589333154371,1.4670119864813236,2.8827061787866493,0.11395446624582639,1.4443683236024574,1
78.85006973934122,1.3926313373216488,3.2433084796471965,0.2636994521771126,1.3351745756458484,1
84.95244849427701,1.5211195566733133,4.3115021843221175,0.6200248707517985,1.4165351913272362,1
88.09351530453401,1.6051138859657466,4.3115021843221175,0.6737421905217768,1.493844691535399,1
85.51735262916348,1.5336859137569878,4.3115021843221175,0.6304662089962455,1.4491764692881577,1
97.4300106461461,1.7330214165875268,4.3115021843221175,0.6146117952856476,1.62386057511202,1
96.90298068253969,1.7293030592779992,3.9345011843135587,0.5129857272221878,1.6195845146834418,1
88.12192826920037,1.593672206482669,3.9345011843135587,0.5225917702044538,1.4732412984903513,1
92.2307903336705,1.6612918738504863,3.9345011843135587,0.5134228119805867,1.542888526442345,1
93.85955547809596,1.667258720925743,3.6600936026891007,0.37783819111177824,1.58260501252965,1
101.51503441534145,1.7893958848706928,3.4163515865226617,0.40674144547073515,1.7065939482102992,1
105.19629328695989,1.854138326420075,4.275271326944375,0.49160419547530493,1.7684210282580757,1
99.5588421889242,1.7665773152082294,4.275271326944375,0.5075089234249444,1.6733422221107652,1
96.167431726674,1.7111461528603182,4.275271326944375,0.46166099787738263,1.6295697923657775,1
77.50779408207104,1.3274847364523834,2.5332679254873383,0.25947292489472695,1.3075525765823346,1
79.54844731730239,1.34192282248139,2.6350435247912367,0.304763223182978,1.3379380940073733,1
82.59973831617512,1.4479133498741248,3.9847854723248752,0.5719658927862213,1.3941825324270856,1
77.85330856724192,1.3404966692561182,3.9847854723248752,0.6865046324153119,1.3189440182838688,1
90.402175038176,1.5552973673757078,3.9847854723248752,0.8521315559438398,1.5323441426228217,1
99.47050100569211,1.6750382835032795,3.8216646108334786,0.7144430399096117,1.683942796778265,1
100.71867279785816,1.7327461843930803,3.8216646108334786,0.6126891309201695,1.7162884738234983,1
86.18752247616553,1.5117311621944935,3.047281623644798,0.4413705683304385,1.46774616365807,1
63.10415882746115,1.0643094436638878,2.475043856727172,0.4642421800652303,1.069453256066521,1
65.29822188907659,1.1277458800367486,2.779597043911238,0.5949442001095435,1.0971909448041903,1
66.97903276996311,1.1835512045811294,3.6587758231455036,0.7115090334932139,1.1270049766950432,1
70.81618625260887,1.2551458867452054,3.6587758231455036,0.7277817197638186,1.1956538504188707,1
96.50317074907292,1.7045585470555475,4.956549444778575,0.9461729828485964,1.613549537671765,1
90.87697220780917,1.6033831778272014,4.956549444778575,0.928079117880436,1.5298123393678738,1
66.14749485215906,1.1782661032313175,4.956549444778575,0.8659151193188271,1.120783050410191,1
60.30285820162529,1.0441481777953554,2.9623469622381613,0.39290867163113374,1.0085776584984996,1
56.221999054823264,0.9695515616760764,2.8851155523913126,0.46984023768223554,0.9512384788647683,1
190.37844098928448,5.968982508523224,13.629370598159651,14.71136889171625,3.173979109872868,2
294.42992662569367,4.982748449719782,16.656104088453763,16.173385629170873,4.932568169836218,2
175.9346338726807,3.016638353984215,16.656104088453763,13.402265011561218,2.9440199777891687,2
99.80767098262153,1.7320403984100976,11.651499870788689,6.087609489079356,1.6977558512387143,2
74.39605228362302,1.2806488049758031,5.9626963663120796,2.4059360128411456,1.2502067367473242,2
89.93463191799748,1.5697074444309336,4.782594601173318,2.6859329007936283,1.512294336847727,2
199.3410612729683,3.4919425837911637,6.070873857663211,0.7611467843022289,3.348469080040454,2
202.8900557567661,3.5773205036581905,7.1710341652791945,1.091331796903773,3.381726377704615,2
198.67312368007293,3.4929109316456435,7.1710341652791945,1.010591835636383,3.352227646206475,2
199.7274696463749,3.458497097526645,7.1710341652791945,0.7277001625571995,3.3775403261469696,2
191.5179983821654,3.2522343740906736,5.28589693265936,0.43120285527095303,3.2316622240211497,2
198.04882867871206,3.468005296205397,6.918407171197888,0.7347439155297646,3.3848136022066284,2
184.10883998617925,3.165406267708356,6.918407171197888,0.6371832457395971,3.080855435769997,2
182.35809912106947,3.1818516977456235,6.918407171197888,0.6687951280475376,3.0990618955707467,2
191.79549375403508,3.3539218381487865,7.312775897589464,0.6929982337406434,3.248733739079477,2
197.47359342266105,3.4471057737823547,7.312775897589464,0.8567711613610884,3.318270461303978,2
205.97765920876552,3.7208767386259773,7.312775897589464,1.2061757409730085,3.4408749993111742,2
201.74268500901857,3.6406776061416846,6.825427024521952,1.4908863644948154,3.413812863967419,2
201.99537516709069,3.6949235006596552,8.01555912615878,2.0116630906933812,3.3910048208281407,2
207.0119241636139,3.8945993174353872,8.01555912615878,2.277444894467542,3.4754536996107364,2
201.71879845178736,3.8106811254748925,8.01555912615878,2.0919220173553517,3.4190785865925517,2
202.5394506364077,3.8960440797076394,8.01555912615878,2.823732838409022,3.3777967819019996,2
193.04658078308813,3.5299729374958093,7.886681941395798,2.0562412642763075,3.2714769066259066,2
187.10351744751515,3.174105280782234,7.813382797695719,1.0275047423552381,3.1183919574585857,2
175.8597512874601,3.0006001896388548,4.7399177833002355,0.3721634504448136,2.9806232315970935,2
178.59115634098845,3.002275095529519,4.7399177833002355,0.42447287348298296,2.97989648836996,2
174.0655370099948,2.9224712911537614,4.7399177833002355,0.4671473784776919,2.9021564075160025,2
170.95377453245706,2.9714885709954735,4.7399177833002355,0.5554609143485643,2.8963434286469414,2
199.5752005916238,3.632738964814046,7.755482368585854,1.5503164621280197,3.3689264110672483,2
213.34530207243273,3.800401587417997,6.908511653531295,0.9362981239604277,3.6027711986833633,2
211.34689465745336,3.7504069878678075,6.908511653531295,0.8932281165286645,3.581847210532215,2
206.62392755315938,3.628921289679467,5.972884430644364,0.783256442459441,3.490563857642696,2
208.47932659988663,3.63635824682244,6.308702748582871,0.8550379935446378,3.493578996227677,2
202.5681381156038,3.453223554822396,6.308702748582871,0.6973914307573305,3.3771487798940316,2
206.98897573760883,3.5382847325957494,6.308702748582871,0.764258930406198,3.4629176340088135,2
202.22897498875838,3.5143533673211143,6.308702748582871,0.694781570686862,3.432088912457926,2
209.04932721856514,3.5744861593796475,6.308702748582871,0.618882455853776,3.510130418741439,2
211.31165404773884,3.6108915818433744,5.2948960888657455,0.49666433564075196,3.570237620554156,2
218.73805383014627,3.7485735255876627,5.2948960888657455,0.4393417835529966,3.7065451220074266,2
207.74210744634064,3.556626602069218,5.2948960888657455,0.46967836836037724,3.521649558337695,2
204.45317371522592,3.467691110920478,5.121090701997853,0.3920781260367816,3.455293534252014,2
208.5307589891923,3.5821609531258325,7.109032798183666,0.8319796840203292,3.5223005420196998,2
206.29551332413814,3.570014324071241,7.109032798183666,0.8813712675777522,3.50806913111142,2
201.90856629599037,3.482671897369766,7.109032798183666,0.8796126401327562,3.4105024542412483,2
204.23454969625686,3.669581415966757,12.562487499870533,2.4317080219904468,3.4636572491521553,2
204.81101488848986,3.6580420922717023,12.562487499870533,2.424065062333077,3.4486355198519902,2
147.86048077448268,2.5165849277201384,5.79291640909857,2.96898728753421,2.465327477232271,2
206.49851842661658,3.4643460851708965,4.644710287533338,0.43226974861911016,3.454134426619885,2
200.41771481293299,3.343998804120969,4.3467485433332325,0.4506304372461133,3.340573628017885,2
197.22469508600952,3.3261285942931162,4.643656452962353,0.49455343596541573,3.3152579439571275,2
194.94208540129296,3.3272023285360466,5.152667506900328,0.6386035751032643,3.292940631778597,2
190.43796018163022,3.2678182830558895,5.152667506900328,0.6268893096633282,3.2292945835588114,2
195.614679692733,3.311039423733065,5.8458330383369335,0.8105387053060854,3.2608968409137327,2
200.07155294795757,3.451630087711824,5.8458330383369335,0.7860028548770027,3.3817006059185233,2
200.47623581340133,3.410836810221742,5.8458330383369335,0.7325747040589365,3.342273278873684,2
201.81690178251554,3.4316828558317187,5.877347322870164,0.7764856957565296,3.3756548653951683,2
194.16495561148056,3.307481335525488,5.877347322870164,0.7028568575788453,3.2485896637300367,2
205.47421649898678,3.5665293625958085,6.993337489048176,1.0032705954578462,3.424855679623082,2
200.35872167461378,3.5299596436690606,6.993337489048176,0.9280001533227922,3.3960832190554395,2
200.93543991471137,3.438309052791789,4.690977024473119,0.3542140423544908,3.4037816122289457,2
200.84194776791256,3.4726074251451085,5.969480093329023,0.5397439168089656,3.3970763466715024,2
201.48464347159637,3.474900222200128,6.100803633515522,0.6857331745295943,3.3580773911932726,2
193.84097270963977,3.4141610492036274,6.100803633515522,0.8498304712432674,3.28549590178884,2
191.83859745756374,3.279798711350535,6.100803633515522,0.7171578117316002,3.206984360446743,2
189.10377688041987,3.2853820789438353,6.407810638647719,0.7526121036622986,3.2050944370505565,2
194.2726883623439,3.400497846867714,6.407810638647719,0.8552338036642531,3.2658556359873567,2
189.31413232516095,3.3237740173404826,6.151322537302196,0.9296886161307608,3.208986055176896,2
184.7924579489178,3.2106460476338934,6.01125183988759,0.8688513695132724,3.1217578840935514,2
192.9459270867357,3.3134240534533097,5.828094361788348,0.7464540139002876,3.2424072308591545,2
212.8150429704339,3.6973039069411913,7.926180938525479,0.9904974807896612,3.5898762351208444,2
203.21727275043514,3.5374140799919247,7.926180938525479,0.9950090354853318,3.429827388192998,2
203.42536391131966,3.529590706506627,7.926180938525479,1.059705074963842,3.3938731695777316,2
194.5811434610489,3.3443074767322925,6.229768674385875,0.5361412121656667,3.2878433216357825,2
200.28580355516686,3.4235662051100233,6.400262017012462,0.666444965153768,3.350829879461401,2
195.7126401075257,3.378851654284056,6.400262017012462,0.6055838092023965,3.2895092125105165,2
208.8293143646655,3.6952634489243663,7.897227643336345,1.4326975655021832,3.4828104463753418,2
209.72942033206007,3.6942095911328328,7.897227643336345,1.3181524583334503,3.521727206556514,2
200.80434161294508,3.4622289563367876,7.0895623923257975,0.7079672196161653,3.365022314792792,2
203.55687640063195,3.627519071980294,7.0895623923257975,0.7975312351967008,3.4984424920620767,2
199.96299508098343,3.47370145369355,7.0895623923257975,0.8047076784588477,3.3445339379304113,2
199.00510949204693,3.5383848604834327,7.0895623923257975,1.0133541674964037,3.362140724650227,2
195.34175153017773,3.396367683481506,6.018533264298197,1.017309645211687,3.2562928458580362,2
206.87977463104414,3.635703099398452,8.195025754515386,1.3668833419921698,3.4638143292878167,2
194.82557999663427,3.3521983322415982,7.398859749819958,1.4421314434247627,3.2896389976468035,2
194.69912659658485,3.361054572343589,7.398859749819958,1.25367639174479,3.309802407081765,2
187.0987503211256,3.2798857114982103,5.724453780657317,0.8850135656164666,3.1371353172556273,2
180.97323751935755,3.2413399183519815,5.724453780657317,1.0450141003409157,3.041822632479327,2
178.44418802567705,3.270079375288313,6.040261481608126,1.3351119701616412,3.0130893069529923,2
171.9584634277758,3.128448608308786,6.040261481608126,1.224738598520299,2.8928781573260625,2
177.513385528156,3.274793937529029,7.18756839965819,1.6962864763778271,2.9721789121499538,2
198.08698673062864,3.540315668192881,7.18756839965819,1.3700317882875557,3.3020551556223414,2
202.76157702371074,3.59603111991275,7.18756839965819,1.1420111614586967,3.407413992264826,2
200.16546696032677,3.434286444867165,5.825996767646258,0.6545428737857191,3.3492648912443403,2
197.48184046023079,3.3665641415777428,5.825996767646258,0.5597480146709857,3.2985107810294103,2
201.54282089614102,3.443926414562753,6.486966499379004,0.4123858399930423,3.41847144352903,2
205.88320976836056,3.52311951512919,6.486966499379004,0.5032130642783738,3.4883043284315844,2
206.3612269670608,3.5137947499248727,6.486966499379004,0.7342643970217577,3.444003187086914,2
202.43834618550818,3.4935450744081384,6.486966499379004,0.8553690520290766,3.412879259989011,2
194.3418439144365,3.3482831678631695,6.317168915717159,0.6315758066718126,3.28868995015461,2
194.06095368210075,3.3461494247224537,6.317168915717159,0.7254337034858774,3.284770454511768,2
201.15755161799413,3.42293582114388,6.317168915717159,0.776086716252136,3.3792657385387157,2
200.77156060519025,3.4407856142204927,6.866793022267861,0.7602711851161726,3.391927161311521,2
205.25889981683602,3.6534509878253125,9.34178814139151,1.9863857655803672,3.4774908905859556,2
202.52697458551677,3.6316539509656756,9.34178814139151,2.0073515366605945,3.4031283537020562,2
198.8165233751056,3.587700049776605,9.34178814139151,1.9861564145033639,3.3531762021032447,2
195.46245112689985,3.594422616852556,10.148177590401215,2.010914222086505,3.3184348770313377,2
197.76391706297485,3.5699994200197054,10.148177590401215,1.7987056849883,3.327902215578616,2
184.3285106828189,3.3426083571012275,10.148177590401215,2.0772668731003088,3.1076205122282543,2
176.45369646289774,3.2098453747107674,10.148177590401215,2.003934295054686,2.9973449373687404,2
163.1317927410381,2.8862401491631475,5.585841905492463,1.2172698108251887,2.761482085875988,2
142.99182773381153,2.520704984008908,5.585841905492463,1.7204345004417831,2.4230153477786884,2
143.73272929144696,2.6563038615753816,11.838005104649202,3.3790643063153776,2.4353224210682303,2
158.04872255513365,2.889037799060793,11.838005104649202,3.629530986414301,2.673897316017014,2
209.46433570131043,3.66565239908941,11.838005104649202,2.5538991824424726,3.5158000554115683,2
208.7784931289502,3.6890005132317665,10.503612181877504,2.221416182605774,3.5322126504297326,2
206.38480540501135,3.629239179305841,10.503612181877504,2.047382238229032,3.4559320384636605,2
187.98353270193417,3.3187002187347283,10.503612181877504,2.338914057973072,3.1859995712410245,2
194.6552744242589,3.3468887415829958,7.035919873801276,1.6550554992847493,3.2515706076047586,2
183.01097084197758,3.219091013996462,8.821943748261361,2.0800781522005733,3.0692634350542134,2
183.776581790223,3.213023413027904,8.821943748261361,1.9536363650363313,3.074780936442353,2
191.13287118634182,3.3758087307992803,8.821943748261361,1.6294403309148042,3.2408035536962174,2
200.8315249377591,3.4314026083804934,8.821943748261361,0.9277337612021314,3.3478616546269104,2
200.0559867588125,3.3557889723792056,4.779409959874051,0.38482250194700207,3.3439080475172167,2
197.06105040475634,3.3800022551871685,4.779409959874051,0.3793995913415865,3.3566302787483195,2
203.56725750542165,3.4696486609654795,4.779409959874051,0.4361709825603081,3.4491817466480565,2
201.07843215675246,3.538891035223125,11.005598340874645,2.6523817791884103,3.3524805708123253,2
214.5695384204409,3.7234063136217674,11.005598340874645,1.935495117641724,3.587339515162939,2
200.89142445156477,3.403656215148281,6.095840369564087,1.170081424688373,3.3609620633668738,2
127.51584080924921,2.2645667385949095,6.095840369564087,2.4648524224918424,2.169485356674366,2
90.79191356456957,1.6457890782781148,6.095840369564087,2.2369383870496313,1.51762496555904,2
38.41379012280384,0.7225591212548723,6.095840369564087,1.3653563632545305,0.6421563042929428,2
15.0145883411266,0.26829468830782643,1.91384391027815,0.1827554728996301,0.25889006726544245,2
93.93129025446216,1.5922738905830685,4.671457646369009,3.7381174194837925,1.570757362114752,2
130.88960051851873,2.2067151350445893,4.671457646369009,3.8423873275511995,2.182803023789586,2
196.91045358975694,3.3747572388108873,4.516836693135063,0.47964598093172217,3.3327204249840383,2
192.48956250442336,3.2480438290598452,4.516836693135063,0.4794300484668689,3.209122111707235,2
186.13231469212397,3.18994143797951,4.633846683002762,0.4197406306270119,3.155587262729914,2
205.00266228567992,3.4567145481920685,4.633846683002762,0.3461429965238256,3.422757910403044,2
203.62884154802404,3.432664233200638,4.633846683002762,0.3381755566449397,3.400956033470689,2
200.78810557652048,3.425248540099753,4.633846683002762,0.3120098459583294,3.3941563226079836,2
193.70755416577546,3.3145131296622696,4.587936834849239,0.3432357097998098,3.284737742755468,2
199.99901984478493,3.3750520594603746,6.401471534604503,0.5588024304331244,3.341447853857469,2
191.9039684249977,3.284684098524226,6.401471534604503,0.6187495855224547,3.2538229242259433,2
194.985262513174,3.364924632073752,4.915391172668146,0.50062811365268,3.304554910824066,2
189.24039171540414,3.27442876435246,4.915391172668146,0.47113316993467247,3.2071381167237933,2
196.34696799798948,3.4124164947967963,5.247767074435354,0.49824089505594343,3.3305113817211636,2
197.73274510038064,3.437770900905509,5.247767074435354,0.5226758934330008,3.3642893983799067,2
192.25519255725078,3.3552416256257587,5.247767074435354,0.6430639241552586,3.2602756118850715,2
199.9294685580045,3.5300268569465407,6.648037885174961,1.0175577407729848,3.3861671757533407,2
203.03631335719908,3.6183445663180787,6.648037885174961,1.1454923189021,3.442226932001883,2
224.72804578315444,3.9510207483621183,6.648037885174961,0.8789480659162756,3.7582454642978536,2
210.7743051455792,3.7381685917843295,5.48180585008837,0.708695859415415,3.574808859170964,2
210.04208687172834,3.6923654224117977,5.48180585008837,0.7273772332676588,3.518233980531789,2
205.4516296147077,3.5737474391624287,5.48180585008837,0.8274926877514647,3.4388663232242185,2
182.91414053912254,3.1658413579411993,5.478326998020443,0.6427888434776258,3.0976670314335983,2
180.2506565505602,3.0694639535098807,5.478326998020443,0.6160298751380865,3.013721059196793,2
190.95170384283816,3.2257531697321604,6.221029822236272,0.6006743038258193,3.1836426723159468,2
190.79135538017886,3.2767630101670986,6.221029822236272,0.5717234730629475,3.232491662236397,2
188.78294844097294,3.2297549298317074,6.221029822236272,0.43379308467769845,3.1972723929371316,2
192.2158630836666,3.229306238423629,6.221029822236272,0.4054081707344916,3.208410333561452,2
195.57585474454052,3.291860233612672,6.221029822236272,0.49276820541383076,3.2599779098318225,2
197.97558542826928,3.329452533545541,5.686120265992102,0.7314382328655468,3.300693321578348,2
196.24461914479826,3.3559671334258154,5.686120265992102,0.7670793829545134,3.325278215141627,2
193.37229100618472,3.252883867003456,5.033478745374286,0.41309600050878215,3.2228715167697453,2
208.8470883554373,3.511178249704751,5.115462081074458,0.3212258004199695,3.4947053823637035,2
208.74329575500434,3.4957543894035292,5.115462081074458,0.3273977282934125,3.4791129144653135,2
204.4743019572621,3.4832714912076144,5.115462081074458,0.35288263574377554,3.4649026817355857,2
221.2802142216251,3.7958591395551022,16.143102587552892,4.527174220441592,3.7373995342041497,2
216.64455594864654,3.7502210742211584,16.143102587552892,4.678870617650844,3.6618250587131578,2
209.52329130135288,3.690639412553956,16.143102587552892,5.117637915737858,3.5510014795836367,2
200.14903052032832,3.511950964458711,16.143102587552892,5.047006153939234,3.3932766601167828,2
188.00231679261643,3.229462986530865,6.9